47.499607, 8.724024
47.499747, 8.724029
47.499837, 8.724103
47.499930, 8.724194
47.500062, 8.724308
47.500200, 8.724417
47.500297, 8.724494
47.500401, 8.724576
47.500532, 8.724681
47.500653, 8.724774
47.500724, 8.724578
47.500899, 8.724293
47.499499, 8.724015
47.499424, 8.723994
47.499412, 8.723824
47.499399, 8.723610
47.499428, 8.723523
47.499317, 8.724028
47.499199, 8.724066
47.499133, 8.724091
47.499045, 8.724122
47.498987, 8.724135
47.500237, 8.722664
47.500304, 8.722714
47.500381, 8.722773
47.500477, 8.722841
47.500539, 8.722888
47.500582, 8.722912
47.500618, 8.722855
47.500618, 8.722855
47.500674, 8.722686
47.500700, 8.722611
47.500718, 8.722560
47.500756, 8.722445
47.500788, 8.722347
47.500820, 8.722254
47.500874, 8.722243
47.050755, 8.309835
47.050751, 8.310033
47.050782, 8.310188
47.050651, 8.310244
47.050630, 8.310035
47.050601, 8.310331
47.050514, 8.310351
47.050646, 8.310494
47.050716, 8.310579
47.050788, 8.310640
47.050788, 8.310640
47.050718, 8.310845
47.050724, 8.310954
47.050704, 8.311054
47.050862, 8.310992
47.050937, 8.311018
47.050877, 8.310916
47.050867, 8.310818
47.050860, 8.310697
47.050873, 8.310589
47.050791, 8.310224
47.050870, 8.310208
47.050951, 8.310196
47.050072, 8.309418
47.050131, 8.309447
47.050143, 8.309561
47.049501, 8.309294
47.049561, 8.309285
47.050397, 8.310265
