# 46.523185, 6.624418
# 46.523338, 6.624481
# 46.523506, 6.624492
# 46.523617, 6.624644
# 46.523694, 6.624738
# 46.523795, 6.624746
# 46.523877, 6.624858
# 46.523845, 6.624975
# 46.523850, 6.624649
# 46.523940, 6.624502
# 46.524076, 6.624297
# 46.524197, 6.624120
# 46.524301, 6.623933
# 46.524402, 6.623783
# 46.524521, 6.623620
# 46.524629, 6.623417
# 46.524738, 6.623269
# 46.524863, 6.623040
# 46.524968, 6.622873
# 46.525087, 6.622691
# 46.525224, 6.622474
# 46.525360, 6.622448
# 46.525518, 6.622223
# 46.525608, 6.622086
# 46.517257, 6.629108
# 46.517245, 6.629348
# 46.517380, 6.629314
# 46.517505, 6.629325
# 46.517487, 6.629594
# 46.517539, 6.628994
# 47.377346, 8.541217
# 47.377229, 8.541487
# 47.377301, 8.539953
# 47.377475, 8.539408
# 46.517897, 6.566332
# 46.518105, 6.566256
# 46.518348, 6.566113
# 46.518467, 6.566049
# 46.520217, 6.565059
# 46.520362, 6.565044
# 46.948240, 7.436882
# 47.547830, 7.589915
# 47.547830, 7.589915
# 47.547830, 7.589915
# 47.547830, 7.589915
# 47.547830, 7.589915
# 47.545488, 7.587750
# CHUV
46.525546, 6.642440
46.525776, 6.642198
46.525910, 6.641861
46.526044, 6.641525
46.526169, 6.641400
47.405375, 8.553179
47.405668, 8.553314
47.405847, 8.553389
47.405821, 8.553513
47.500798, 8.722319
47.500685, 8.722710
47.500551, 8.722918
47.500391, 8.722799
47.500259, 8.722697
47.388797, 8.050391
